p0: 0.00608181 +/- 0.00280046
p1: -1.2729e-05 +/- 9.25798e-06
p2: 0.0829847 +/- 0.00245852
p3: -0.0161602 +/- 0.00120335
p4: 0.00447285 +/- 0.000736131
p5: 173.115 +/- 1.73315
p6: 9.65578 +/- 1.6711
